   10.5
   22.5
   37.5
   52.5
   67.5
   82.5
   97.5
  112.5
  127.5
  142.5
  157.5
  172.5
  187.5
  202.5
  217.5
  232.5
  247.5
  262.5
  277.5
  292.5
  307.5
  322.5
  337.5
  352.5
  367.5
  382.5
  397.5
  412.5
  427.5
  442.5
  457.5
  472.5
  487.5
  502.5
  517.5
  532.5
  546.8
  560.0
  571.9
  582.9
  592.8
  601.9
  610.3
  617.9
  624.8
  631.2
  636.9
  642.4
  647.5
  652.5
  657.5
  662.5
  667.5
  672.5
  677.5
  682.5
  687.5
  692.5
  697.5
  702.5
  707.5
  712.5
  717.5
  722.5
  727.5
  732.5
  737.5
  742.5
  747.5
  752.5
  757.5
  762.5
  767.5
  772.5
  777.5
  782.5
  787.5
  792.5
  797.5
  802.5
  807.5
  812.5
  817.5
  822.5
  827.5
  832.5
  837.5
  842.5
  847.5
  852.5
  857.5
  862.5
  867.5
  872.5
  877.5
  882.5
  887.5
  892.5
  897.5
  902.5
  907.5
  912.5
  917.5
  922.5
  927.5
  932.5
  937.5
  942.5
  947.5
  952.5
  957.5
  962.5
  967.5
  972.5
  977.5
  982.5
  987.5
  992.5
  997.5
 1002.5
 1007.5
 1012.5
 1017.5
 1022.5
 1027.5
 1032.5
 1037.5
 1042.5
 1047.5
 1052.5
 1057.5
 1062.5
 1067.5
 1072.5
 1077.5
 1082.5
 1087.5
 1092.5
 1097.5
 1102.5
 1107.5
 1112.5
 1117.5
 1122.5
 1127.5
 1132.5
 1137.5
 1142.5
 1147.5
 1152.5
 1157.5
 1162.5
 1167.5
 1172.5
 1177.5
 1182.5
 1187.5
 1192.5
 1197.5
 1202.5
 1207.5
 1212.5
 1217.5
 1222.5
 1227.5
 1232.5
 1237.5
 1242.5
 1247.5
 1252.5
 1257.5
 1262.5
 1267.5
 1272.5
 1277.5
 1282.5
 1287.5
 1292.5
 1297.5
 1302.5
 1307.5
 1312.5
 1317.5
 1322.5
 1327.5
 1332.5
 1337.5
 1342.5
 1347.5
 1352.5
 1357.5
 1362.5
 1367.5
 1372.5
 1377.5
 1382.5
 1387.5
 1392.5
 1397.5
 1402.5
 1407.5
 1412.5
 1417.5
 1422.5
 1427.5
 1432.5
 1437.5
 1442.5
 1447.5
 1452.5
 1457.5
 1462.5
 1467.5
 1472.5
 1477.5
 1482.5
 1487.5
 1492.5
 1497.5
 1502.5
 1507.5
 1512.5
 1517.5
 1522.5
 1527.5
 1532.5
 1537.5
 1542.5
 1547.5
 1552.5
 1557.5
 1562.5
 1567.5
 1572.5
 1577.5
 1582.5
 1587.5
 1592.5
 1597.5
 1602.5
 1607.5
 1612.5
 1617.5
 1622.5
 1627.5
 1632.5
 1637.5
 1642.5
 1647.5
 1652.5
 1657.5
 1662.5
 1667.5
 1672.5
 1677.5
 1682.5
 1687.5
 1692.5
 1697.5
 1702.5
 1707.5
 1712.5
 1717.5
 1722.5
 1727.5
 1732.5
 1737.5
 1742.5
 1747.5
 1752.5
 1757.5
 1762.5
 1767.5
 1772.5
 1777.5
 1782.5
 1787.5
 1792.5
 1797.5
 1802.5
 1807.5
 1812.5
 1817.5
 1822.5
 1827.5
 1832.5
 1837.5
 1842.5
 1847.5
 1852.5
 1857.5
 1862.5
 1867.5
 1872.5
 1877.5
 1882.5
 1887.5
 1892.5
 1897.5
 1902.5
 1907.5
 1912.5
 1917.5
 1922.5
 1927.5
 1932.5
 1937.5
 1942.5
 1947.5
 1952.5
 1957.5
 1962.5
 1967.5
 1972.5
 1977.5
 1982.5
 1987.5
 1992.5
 1997.5
 2002.5
 2007.5
 2012.5
 2017.5
 2022.5
 2027.5
 2032.5
 2037.5
 2042.5
 2047.5
 2052.5
 2057.5
 2062.5
 2067.5
 2072.5
 2077.5
 2082.5
 2087.5
 2092.5
 2097.5
 2102.5
 2107.5
 2112.5
 2117.5
 2122.5
 2127.5
 2132.5
 2137.5
 2142.5
 2147.5
 2152.5
 2157.5
 2162.5
 2167.5
 2172.5
 2177.5
 2182.5
 2187.5
 2192.5
 2197.5
 2202.5
 2207.5
 2212.5
 2217.5
 2222.5
 2227.5
 2232.5
 2237.5
 2242.5
 2247.5
 2252.5
 2257.5
 2262.5
 2267.5
 2272.5
 2277.5
 2282.5
 2287.5
 2292.5
 2297.5
 2302.5
 2307.5
 2312.5
 2317.5
 2322.5
 2327.5
 2332.5
 2337.5
 2342.5
 2347.5
 2352.5
 2357.5
 2362.5
 2367.5
 2372.5
 2377.5
 2382.5
 2387.5
 2392.5
 2397.5
 2402.5
 2407.5
 2412.5
 2417.5
 2422.5
 2427.5
 2432.5
 2437.5
 2442.5
 2447.5
 2452.5
 2457.5
 2462.5
 2467.5
 2472.5
 2477.5
 2482.5
 2487.5
 2492.5
 2497.5
 2502.5
 2507.5
 2512.5
 2517.5
 2522.5
 2527.5
 2532.5
 2537.5
 2542.5
 2547.5
 2552.5
 2557.5
 2562.5
 2567.5
 2572.5
 2577.5
 2582.5
 2587.5
 2592.5
 2597.5
 2602.5
 2607.5
 2612.5
 2617.5
 2622.5
 2627.5
 2632.5
 2637.5
 2642.5
 2647.5
 2652.5
 2657.5
 2662.5
 2667.5
 2672.5
 2677.5
 2682.5
 2687.5
 2692.5
 2697.5
 2702.5
 2707.5
 2712.5
 2717.5
 2722.5
 2727.5
 2732.5
 2737.5
 2742.5
 2747.5
 2752.5
 2757.5
 2762.5
 2767.5
 2772.5
 2777.5
 2782.8
 2788.6
 2794.9
 2801.8
 2809.4
 2817.8
 2826.9
 2836.9
 2847.8
 2859.8
 2872.9
 2887.2
 2902.9
 2920.1
 2939.0
 2959.6
 2982.2
 3006.9
 3034.0
 3063.7
 3096.1
 3131.7
 3170.6
 3213.3
 3260.0
 3311.1
 3367.1
 3428.4
 3495.5
 3569.0
 3649.5
 3737.6
 3834.1
 3939.8
 4055.5
 4182.2
 4320.9
